image_width: 644
image_height: 482
camera_name: 14432788
camera_matrix:
  rows: 3
  cols: 3
  data: [520.7494452467995, 0, 329.1831111647406, 0, 521.5609277640859, 227.9884745622524, 0, 0, 1]
distortion_model: plumb_bob
distortion_coefficients:
  rows: 1
  cols: 5
  data: [-0.404958405508888, 0.1473287284515648, 0.001334423330369564, -0.001240435943688678, 0]
rectification_matrix:
  rows: 3
  cols: 3
  data: [0.9995284169045797, -0.01328325030646385, -0.02768571945101556, 0.01334693266443789, 0.9999086854102268, 0.002116655296245927, 0.02765507527878877, -0.002485176550668609, 0.9996144360246287]
projection_matrix:
  rows: 3
  cols: 4
  data: [490.3655645320038, 0, 345.6638145446777, -48.4696683526021, 0, 490.3655645320038, 233.7327461242676, 0, 0, 0, 1, 0]