image_width: 644
image_height: 482
camera_name: 14490542
camera_matrix:
  rows: 3
  cols: 3
  data: [508.875108332664, 0, 331.4102820554172, 0, 510.3301085163875, 239.209419188393, 0, 0, 1]
distortion_model: plumb_bob
distortion_coefficients:
  rows: 1
  cols: 5
  data: [-0.4057742738725351, 0.162942754316471, -0.0001875488292688056, -0.0009809084051000401, 0]
rectification_matrix:
  rows: 3
  cols: 3
  data: [0.9996890317664286, -0.01404780004510435, -0.02060337544658629, 0.0140003469334415, 0.9998989995240265, -0.002445615790374456, 0.02063565001746985, 0.002156400877299971, 0.999784736772678]
projection_matrix:
  rows: 3
  cols: 4
  data: [490.3655645320038, 0, 345.6638145446777, 0, 0, 490.3655645320038, 233.7327461242676, 0, 0, 0, 1, 0]