image_width: 640
image_height: 480
camera_name: webcam
camera_matrix:
  rows: 3
  cols: 3
  data: [784.303187, 0.000000, 323.006842, 0.000000, 781.695774, 277.106767, 0.000000, 0.000000, 1.000000]
distortion_model: plumb_bob
distortion_coefficients:
  rows: 1
  cols: 5
  data: [0.045002, 0.096912, 0.007576, -0.010813, 0.000000]
rectification_matrix:
  rows: 3
  cols: 3
  data: [1.000000, 0.000000, 0.000000, 0.000000, 1.000000, 0.000000, 0.000000, 0.000000, 1.000000]
projection_matrix:
  rows: 3
  cols: 4
  data: [797.698853, 0.000000, 317.966124, 0.000000, 0.000000, 799.085510, 278.389863, 0.000000, 0.000000, 0.000000, 1.000000, 0.000000]
